-0.0000004912743404
-0.0000065784770315
-0.0000269531501082
-0.0000563173944033
-0.0000379026786400
0.0001512429716285
0.0006260552456518
0.0013291424886798
0.0019073569874665
0.0018176436013177
0.0006978868427841
-0.0012456870585343
-0.0032389108676523
-0.0046317924295355
-0.0049677174155278
-0.0039884504578857
-0.0017432972182957
0.0013774205673280
0.0046868838936099
0.0073218973648992
0.0084183452245548
0.0073072446806002
0.0036891744432313
-0.0022534982028323
-0.0098362582044872
-0.0179554334145833
-0.0252642999227340
-0.0304115128286608
-0.0322962902994200
-0.0302892341443298
-0.0243728730149865
-0.0151711277052016
0.9954611079937481
0.0279190660238306
0.0340679884859283
0.0355296461613335
0.0326459693150445
0.0264726207546590
0.0184985364294214
0.0103035841812787
0.0032356532797895
-0.0018229581395443
-0.0045572735012185
-0.0051821610403910
-0.0042922005634189
-0.0026495771222351
-0.0009698152348739
0.0002417003340941
0.0007691001006515
0.0006740603931047
0.0002102807627904
-0.0003003810239869
-0.0005890508624315
-0.0005233547278018
-0.0001336929619797
0.0004181203108927
0.0009109314507430
0.0011495245032547
0.0010342160801092
0.0005933479877771
-0.0000293648749493
-0.0006258372056493
-0.0009944516036956
-0.0010069575792934
-0.0006500609958207
-0.0000292349860643
0.0006653769949845
0.0012192523137801
0.0014605049333836
0.0013126756739096
0.0008173374933746
0.0001202525414018
-0.0005738939953812
-0.0010637498447481
-0.0012113550154771
-0.0009819957177904
-0.0004524019733140
0.0002143663062393
0.0008190041036838
0.0011854734473711
0.0012120479623222
0.0008990378973522
0.0003457007483481
-0.0002818125150057
-0.0008011301683432
-0.0010674483135245
-0.0010145260286446
-0.0006712806886703
-0.0001499548088636
0.0003896736976247
0.0007879034123301
0.0009270606449175
0.0007765098934483
0.0004016492108439
-0.0000645985496382
-0.0004715169092033
-0.0007024039731274
-0.0007096768199945
-0.0005223787719786
-0.0002265035614752
0.0000714929658278
0.0002827678390493
0.0003620594484596
0.0003143457361844
0.0001832088000133
0.0000284170092006
-0.0000972338437336
-0.0001635013041611
-0.0001668964100109
-0.0001247068571892
-0.0000634933486675
-0.0000075941348409
0.0000282611653136
0.0000407593479269
0.0000352560725811
0.0000208994581700
0.0000061061873404
-0.0000040594621680
-0.0000083020889723
-0.0000079660435983
-0.0000053886511644
-0.0000025833555230
-0.0000006350821373
0.0000002590966621
0.0000004132784168
0.0000002553726457
0.0000000857588945
0.0000000123635384
