-0.000250962530667673
-0.001995934086841205
-0.007058718218453476
-0.01733773639333839
-0.03254441344599875
-0.04776357618157671
-0.05204096140465537
-0.029965472934107864
0.03305888563553987
0.1432120173412543
0.2917317277313209
0.45337957007981117
0.5920650598575995
0.6723643408314813
0.6723643408314813
0.5920650598575995
0.45337957007981117
0.2917317277313209
0.1432120173412543
0.03305888563553987
-0.029965472934107864
-0.05204096140465537
-0.04776357618157671
-0.03254441344599875
-0.01733773639333839
-0.007058718218453476
-0.001995934086841205
-0.000250962530667673